names = 'slomo_1485922878.mov';
div = [565,590,738,755,1156,1184,1295,1315,1800,1828,2420,2452,2986,3010,3866,3897,5635,5663];
%CropVid(names,div);